###############
#    Sets     #
###############
#
set DAILYTIMEBRACKET :=  ;
set DAYTYPE :=  ;
set SEASON :=  ;
set STORAGE :=  ;
set YEAR := 2018 2019 2020 2021 2022 2023 2024 2025 2026 2027 2028 2029 2030 2031 2032 2033 2034 2035 2036 2037 2038 2039 2040 2041 2042 2043 2044 2045 2046 2047 2048 2049 2050 2051 2052 2053 2054 2055 2056 2057 2058 2059 2060 2061 2062 2063 2064 2065 2066 2067 2068 2069 2070 ;
set TECHNOLOGY := ENE_TERM RAW_MAT_CLK ELEC_TERM ELEC_CEM RAW_MAT_CEM PROD_CLK_TRAD PROD_CLK_ELEC PROD_CEM T5CEM_PRODCEM_PROD REST_PI ;
set TIMESLICE := All ;
set FUEL := ENE_TERM RAW_MAT_CLK ELEC_TERM ELEC_CEM RAW_MAT_CEM ELE_TERM CLK_PROD CEM_PROD E5_CEM_PRODCEM_PROD ;
set EMISSION := CO2e_CEM CO2e_RESTO ;
set MODE_OF_OPERATION := 1 ;
set REGION := ECU ;

###############
#    Parameters     #
###############
#
param AvailabilityFactor default 1 :=
[ECU,*,*]:
2018 2019 2020 2021 2022 2023 2024 2025 2026 2027 2028 2029 2030 2031 2032 2033 2034 2035 2036 2037 2038 2039 2040 2041 2042 2043 2044 2045 2046 2047 2048 2049 2050 2051 2052 2053 2054 2055 2056 2057 2058 2059 2060 2061 2062 2063 2064 2065 2066 2067 2068 2069 2070 :=
PROD_CLK_TRAD 0.79 0.5369 0.5519 0.6286 0.6286 0.6286 0.6292 0.6298 0.6304 0.6309 0.6315 0.6321 0.6327 0.6333 0.6339 0.6345 0.635 0.6356 0.6362 0.6368 0.6374 0.638 0.6385 0.6391 0.6397 0.6403 0.6409 0.6415 0.6421 0.6426 0.6432 0.6438 0.6444 0.645 0.6456 0.6462 0.6467 0.6473 0.6479 0.6485 0.6491 0.6497 0.6502 0.6508 0.6514 0.652 0.6526 0.6532 0.6538 0.6543 0.6549 0.6555 0.6561 
PROD_CLK_ELEC 0.79 0.5369 0.5519 0.6286 0.6286 0.6286 0.6286 0.6286 0.6286 0.6286 0.6286 0.6286 0.6286 0.6286 0.6286 0.6286 0.6286 0.6286 0.6286 0.6286 0.6286 0.6286 0.6286 0.6286 0.6286 0.6286 0.6286 0.6286 0.6286 0.6286 0.6286 0.6286 0.6286 0.6286 0.6286 0.6286 0.6286 0.6286 0.6286 0.6286 0.6286 0.6286 0.6286 0.6286 0.6286 0.6286 0.6286 0.6286 0.6286 0.6286 0.6286 0.6286 0.6286 
PROD_CEM 0.79 0.5369 0.5519 0.6286 0.6286 0.6286 0.6292 0.6298 0.6304 0.6309 0.6315 0.6321 0.6327 0.6333 0.6339 0.6345 0.635 0.6356 0.6362 0.6368 0.6374 0.638 0.6385 0.6391 0.6397 0.6403 0.6409 0.6415 0.6421 0.6426 0.6432 0.6438 0.6444 0.645 0.6456 0.6462 0.6467 0.6473 0.6479 0.6485 0.6491 0.6497 0.6502 0.6508 0.6514 0.652 0.6526 0.6532 0.6538 0.6543 0.6549 0.6555 0.6561 
;

param CapacityFactor default 1 :=
[ECU,PROD_CLK_TRAD,*,*]:
2018 2019 2020 2021 2022 2023 2024 2025 2026 2027 2028 2029 2030 2031 2032 2033 2034 2035 2036 2037 2038 2039 2040 2041 2042 2043 2044 2045 2046 2047 2048 2049 2050 2051 2052 2053 2054 2055 2056 2057 2058 2059 2060 2061 2062 2063 2064 2065 2066 2067 2068 2069 2070 :=
All 1.0 1.0 1.0 1.0 1.0 1.0 1.0 1.0 1.0 1.0 1.0 1.0 1.0 1.0 1.0 1.0 1.0 1.0 1.0 1.0 1.0 1.0 1.0 1.0 1.0 1.0 1.0 1.0 1.0 1.0 1.0 1.0 1.0 1.0 1.0 1.0 1.0 1.0 1.0 1.0 1.0 1.0 1.0 1.0 1.0 1.0 1.0 1.0 1.0 1.0 1.0 1.0 1.0 
[ECU,PROD_CEM,*,*]:
2018 2019 2020 2021 2022 2023 2024 2025 2026 2027 2028 2029 2030 2031 2032 2033 2034 2035 2036 2037 2038 2039 2040 2041 2042 2043 2044 2045 2046 2047 2048 2049 2050 2051 2052 2053 2054 2055 2056 2057 2058 2059 2060 2061 2062 2063 2064 2065 2066 2067 2068 2069 2070 :=
All 1.0 1.0 1.0 1.0 1.0 1.0 1.0 1.0 1.0 1.0 1.0 1.0 1.0 1.0 1.0 1.0 1.0 1.0 1.0 1.0 1.0 1.0 1.0 1.0 1.0 1.0 1.0 1.0 1.0 1.0 1.0 1.0 1.0 1.0 1.0 1.0 1.0 1.0 1.0 1.0 1.0 1.0 1.0 1.0 1.0 1.0 1.0 1.0 1.0 1.0 1.0 1.0 1.0 
[ECU,PROD_CLK_ELEC,*,*]:
2018 2019 2020 2021 2022 2023 2024 2025 2026 2027 2028 2029 2030 2031 2032 2033 2034 2035 2036 2037 2038 2039 2040 2041 2042 2043 2044 2045 2046 2047 2048 2049 2050 2051 2052 2053 2054 2055 2056 2057 2058 2059 2060 2061 2062 2063 2064 2065 2066 2067 2068 2069 2070 :=
All 1.0 1.0 1.0 1.0 1.0 1.0 1.0 1.0 1.0 1.0 1.0 1.0 1.0 1.0 1.0 1.0 1.0 1.0 1.0 1.0 1.0 1.0 1.0 1.0 1.0 1.0 1.0 1.0 1.0 1.0 1.0 1.0 1.0 1.0 1.0 1.0 1.0 1.0 1.0 1.0 1.0 1.0 1.0 1.0 1.0 1.0 1.0 1.0 1.0 1.0 1.0 1.0 1.0 
;

param CapacityToActivityUnit default 1 :
ENE_TERM RAW_MAT_CLK ELEC_TERM ELEC_CEM RAW_MAT_CEM PROD_CLK_TRAD PROD_CLK_ELEC PROD_CEM T5CEM_PRODCEM_PROD :=
ECU 1.0 1.0 1.0 1.0 1.0 1.0 1.0 1.0 1.0 
;

param CapitalCost default 0 :=
[ECU,*,*]:
2018 2019 2020 2021 2022 2023 2024 2025 2026 2027 2028 2029 2030 2031 2032 2033 2034 2035 2036 2037 2038 2039 2040 2041 2042 2043 2044 2045 2046 2047 2048 2049 2050 2051 2052 2053 2054 2055 2056 2057 2058 2059 2060 2061 2062 2063 2064 2065 2066 2067 2068 2069 2070 :=
PROD_CLK_TRAD 0.0 0.0 0.0 0.0 0.0 0.0 0.0 0.0 0.0 0.0 0.0 0.0 0.0 0.0 0.0 0.0 0.0 0.0 0.0 0.0 0.0 0.0 0.0 0.0 0.0 0.0 0.0 0.0 0.0 0.0 0.0 0.0 0.0 0.0 0.0 0.0 0.0 0.0 0.0 0.0 0.0 0.0 0.0 0.0 0.0 0.0 0.0 0.0 0.0 0.0 0.0 0.0 0.0 
PROD_CLK_ELEC 0.0 0.0 0.0 0.0 0.0 0.0 0.0 0.0 0.0 0.0 0.0 0.0 0.0 0.0 0.0 0.0 0.0 0.0 0.0 0.0 0.0 0.0 0.0 0.0 0.0 0.0 0.0 0.0 0.0 0.0 0.0 0.0 0.0 0.0 0.0 0.0 0.0 0.0 0.0 0.0 0.0 0.0 0.0 0.0 0.0 0.0 0.0 0.0 0.0 0.0 0.0 0.0 0.0 
PROD_CEM 0.0 0.0 0.0 0.0 0.0 0.0 0.0 0.0 0.0 0.0 0.0 0.0 0.0 0.0 0.0 0.0 0.0 0.0 0.0 0.0 0.0 0.0 0.0 0.0 0.0 0.0 0.0 0.0 0.0 0.0 0.0 0.0 0.0 0.0 0.0 0.0 0.0 0.0 0.0 0.0 0.0 0.0 0.0 0.0 0.0 0.0 0.0 0.0 0.0 0.0 0.0 0.0 0.0 
;

param EmissionActivityRatio default 0 :=
[ECU,PROD_CLK_TRAD,CO2e_CEM,*,*]:
2018 2019 2020 2021 2022 2023 2024 2025 2026 2027 2028 2029 2030 2031 2032 2033 2034 2035 2036 2037 2038 2039 2040 2041 2042 2043 2044 2045 2046 2047 2048 2049 2050 2051 2052 2053 2054 2055 2056 2057 2058 2059 2060 2061 2062 2063 2064 2065 2066 2067 2068 2069 2070 :=
1 0.5351532 0.5351532 0.5351532 0.5351532 0.5351532 0.5351532 0.5450333953474983 0.5549135906949966 0.5647937860424949 0.5746739813899931 0.5845541767374914 0.5944343720849897 0.604314567432488 0.6141947627799863 0.6240749581274846 0.6339551534749829 0.6438353488224812 0.6537155441699795 0.6635957395174777 0.673475934864976 0.6833561302124743 0.6932363255599726 0.7031165209074709 0.7129967162549692 0.7228769116024675 0.7327571069499658 0.742637302297464 0.7525174976449623 0.7623976929924606 0.7722778883399589 0.7821580836874572 0.7920382790349555 0.8019184743824538 0.8117986697299521 0.8216788650774504 0.8315590604249486 0.8414392557724469 0.8513194511199452 0.8611996464674435 0.8710798418149418 0.8809600371624401 0.8908402325099384 0.9007204278574367 0.910600623204935 0.9204808185524332 0.9303610138999315 0.9402412092474298 0.9501214045949281 0.9600015999424264 0.9698817952899247 0.979761990637423 0.9896421859849213 0.9995223813324196 
[ECU,ELEC_CEM,CO2e_CEM,*,*]:
2018 2019 2020 2021 2022 2023 2024 2025 2026 2027 2028 2029 2030 2031 2032 2033 2034 2035 2036 2037 2038 2039 2040 2041 2042 2043 2044 2045 2046 2047 2048 2049 2050 2051 2052 2053 2054 2055 2056 2057 2058 2059 2060 2061 2062 2063 2064 2065 2066 2067 2068 2069 2070 :=
1 0.0 0.0 0.0 0.0 0.0 0.0 0.0 0.0 0.0 0.0 0.0 0.0 0.0 0.0 0.0 0.0 0.0 0.0 0.0 0.0 0.0 0.0 0.0 0.0 0.0 0.0 0.0 0.0 0.0 0.0 0.0 0.0 0.0 0.0 0.0 0.0 0.0 0.0 0.0 0.0 0.0 0.0 0.0 0.0 0.0 0.0 0.0 0.0 0.0 0.0 0.0 0.0 0.0 
[ECU,RAW_MAT_CLK,CO2e_CEM,*,*]:
2018 2019 2020 2021 2022 2023 2024 2025 2026 2027 2028 2029 2030 2031 2032 2033 2034 2035 2036 2037 2038 2039 2040 2041 2042 2043 2044 2045 2046 2047 2048 2049 2050 2051 2052 2053 2054 2055 2056 2057 2058 2059 2060 2061 2062 2063 2064 2065 2066 2067 2068 2069 2070 :=
1 0.0 0.0 0.0 0.0 0.0 0.0 0.0 0.0 0.0 0.0 0.0 0.0 0.0 0.0 0.0 0.0 0.0 0.0 0.0 0.0 0.0 0.0 0.0 0.0 0.0 0.0 0.0 0.0 0.0 0.0 0.0 0.0 0.0 0.0 0.0 0.0 0.0 0.0 0.0 0.0 0.0 0.0 0.0 0.0 0.0 0.0 0.0 0.0 0.0 0.0 0.0 0.0 0.0 
[ECU,PROD_CLK_ELEC,CO2e_CEM,*,*]:
2018 2019 2020 2021 2022 2023 2024 2025 2026 2027 2028 2029 2030 2031 2032 2033 2034 2035 2036 2037 2038 2039 2040 2041 2042 2043 2044 2045 2046 2047 2048 2049 2050 2051 2052 2053 2054 2055 2056 2057 2058 2059 2060 2061 2062 2063 2064 2065 2066 2067 2068 2069 2070 :=
1 0.5351532 0.5351532 0.5351532 0.5351532 0.5351532 0.5351532 0.5450333953474983 0.5549135906949966 0.5647937860424949 0.5746739813899931 0.5845541767374914 0.5944343720849897 0.604314567432488 0.6141947627799863 0.6240749581274846 0.6339551534749829 0.6438353488224812 0.6537155441699795 0.6635957395174777 0.673475934864976 0.6833561302124743 0.6932363255599726 0.7031165209074709 0.7129967162549692 0.7228769116024675 0.7327571069499658 0.742637302297464 0.7525174976449623 0.7623976929924606 0.7722778883399589 0.7821580836874572 0.7920382790349555 0.8019184743824538 0.8117986697299521 0.8216788650774504 0.8315590604249486 0.8414392557724469 0.8513194511199452 0.8611996464674435 0.8710798418149418 0.8809600371624401 0.8908402325099384 0.9007204278574367 0.910600623204935 0.9204808185524332 0.9303610138999315 0.9402412092474298 0.9501214045949281 0.9600015999424264 0.9698817952899247 0.979761990637423 0.9896421859849213 0.9995223813324196 
[ECU,ENE_TERM,CO2e_CEM,*,*]:
2018 2019 2020 2021 2022 2023 2024 2025 2026 2027 2028 2029 2030 2031 2032 2033 2034 2035 2036 2037 2038 2039 2040 2041 2042 2043 2044 2045 2046 2047 2048 2049 2050 2051 2052 2053 2054 2055 2056 2057 2058 2059 2060 2061 2062 2063 2064 2065 2066 2067 2068 2069 2070 :=
1 0.0 0.0 0.0 0.0 0.0 0.0 0.0 0.0 0.0 0.0 0.0 0.0 0.0 0.0 0.0 0.0 0.0 0.0 0.0 0.0 0.0 0.0 0.0 0.0 0.0 0.0 0.0 0.0 0.0 0.0 0.0 0.0 0.0 0.0 0.0 0.0 0.0 0.0 0.0 0.0 0.0 0.0 0.0 0.0 0.0 0.0 0.0 0.0 0.0 0.0 0.0 0.0 0.0 
[ECU,RAW_MAT_CEM,CO2e_CEM,*,*]:
2018 2019 2020 2021 2022 2023 2024 2025 2026 2027 2028 2029 2030 2031 2032 2033 2034 2035 2036 2037 2038 2039 2040 2041 2042 2043 2044 2045 2046 2047 2048 2049 2050 2051 2052 2053 2054 2055 2056 2057 2058 2059 2060 2061 2062 2063 2064 2065 2066 2067 2068 2069 2070 :=
1 0.0 0.0 0.0 0.0 0.0 0.0 0.0 0.0 0.0 0.0 0.0 0.0 0.0 0.0 0.0 0.0 0.0 0.0 0.0 0.0 0.0 0.0 0.0 0.0 0.0 0.0 0.0 0.0 0.0 0.0 0.0 0.0 0.0 0.0 0.0 0.0 0.0 0.0 0.0 0.0 0.0 0.0 0.0 0.0 0.0 0.0 0.0 0.0 0.0 0.0 0.0 0.0 0.0 
[ECU,PROD_CEM,CO2e_CEM,*,*]:
2018 2019 2020 2021 2022 2023 2024 2025 2026 2027 2028 2029 2030 2031 2032 2033 2034 2035 2036 2037 2038 2039 2040 2041 2042 2043 2044 2045 2046 2047 2048 2049 2050 2051 2052 2053 2054 2055 2056 2057 2058 2059 2060 2061 2062 2063 2064 2065 2066 2067 2068 2069 2070 :=
1 0.0 0.0 0.0 0.0 0.0 0.0 0.0 0.0 0.0 0.0 0.0 0.0 0.0 0.0 0.0 0.0 0.0 0.0 0.0 0.0 0.0 0.0 0.0 0.0 0.0 0.0 0.0 0.0 0.0 0.0 0.0 0.0 0.0 0.0 0.0 0.0 0.0 0.0 0.0 0.0 0.0 0.0 0.0 0.0 0.0 0.0 0.0 0.0 0.0 0.0 0.0 0.0 0.0 
[ECU,ELEC_TERM,CO2e_CEM,*,*]:
2018 2019 2020 2021 2022 2023 2024 2025 2026 2027 2028 2029 2030 2031 2032 2033 2034 2035 2036 2037 2038 2039 2040 2041 2042 2043 2044 2045 2046 2047 2048 2049 2050 2051 2052 2053 2054 2055 2056 2057 2058 2059 2060 2061 2062 2063 2064 2065 2066 2067 2068 2069 2070 :=
1 0.0 0.0 0.0 0.0 0.0 0.0 0.0 0.0 0.0 0.0 0.0 0.0 0.0 0.0 0.0 0.0 0.0 0.0 0.0 0.0 0.0 0.0 0.0 0.0 0.0 0.0 0.0 0.0 0.0 0.0 0.0 0.0 0.0 0.0 0.0 0.0 0.0 0.0 0.0 0.0 0.0 0.0 0.0 0.0 0.0 0.0 0.0 0.0 0.0 0.0 0.0 0.0 0.0 
[ECU,REST_PI,CO2e_RESTO,*,*]:
2018 2019 2020 2021 2022 2023 2024 2025 2026 2027 2028 2029 2030 2031 2032 2033 2034 2035 2036 2037 2038 2039 2040 2041 2042 2043 2044 2045 2046 2047 2048 2049 2050 2051 2052 2053 2054 2055 2056 2057 2058 2059 2060 2061 2062 2063 2064 2065 2066 2067 2068 2069 2070 :=
1 1.0 1.0 1.0 1.0 1.0 1.0 1.0 1.0 1.0 1.0 1.0 1.0 1.0 1.0 1.0 1.0 1.0 1.0 1.0 1.0 1.0 1.0 1.0 1.0 1.0 1.0 1.0 1.0 1.0 1.0 1.0 1.0 1.0 1.0 1.0 1.0 1.0 1.0 1.0 1.0 1.0 1.0 1.0 1.0 1.0 1.0 1.0 1.0 1.0 1.0 1.0 1.0 1.0 
;

param EmissionsPenalty default 0 :=
[ECU,*,*]:
2018 2019 2020 2021 2022 2023 2024 2025 2026 2027 2028 2029 2030 2031 2032 2033 2034 2035 2036 2037 2038 2039 2040 2041 2042 2043 2044 2045 2046 2047 2048 2049 2050 2051 2052 2053 2054 2055 2056 2057 2058 2059 2060 2061 2062 2063 2064 2065 2066 2067 2068 2069 2070 :=
CO2e_CEM 14.0 14.0 14.0 14.8 15.600000000000001 16.400000000000002 17.200000000000003 18.0 18.6 19.200000000000003 19.800000000000004 20.400000000000006 21.0 21.6 22.200000000000003 22.800000000000004 23.400000000000006 24.0 24.8 25.6 26.400000000000002 27.200000000000003 28.0 28.4 28.799999999999997 29.199999999999996 29.599999999999994 30.0 30.8 31.6 32.4 33.199999999999996 34.0 34.0 34.0 34.0 34.0 34.0 34.0 34.0 34.0 34.0 34.0 34.0 34.0 34.0 34.0 34.0 34.0 34.0 34.0 34.0 34.0 
;

param FixedCost default 0 :=
[ECU,*,*]:
2018 2019 2020 2021 2022 2023 2024 2025 2026 2027 2028 2029 2030 2031 2032 2033 2034 2035 2036 2037 2038 2039 2040 2041 2042 2043 2044 2045 2046 2047 2048 2049 2050 2051 2052 2053 2054 2055 2056 2057 2058 2059 2060 2061 2062 2063 2064 2065 2066 2067 2068 2069 2070 :=
PROD_CLK_TRAD 0.0 0.0 0.0 0.0 0.0 0.0 0.0 0.0 0.0 0.0 0.0 0.0 0.0 0.0 0.0 0.0 0.0 0.0 0.0 0.0 0.0 0.0 0.0 0.0 0.0 0.0 0.0 0.0 0.0 0.0 0.0 0.0 0.0 0.0 0.0 0.0 0.0 0.0 0.0 0.0 0.0 0.0 0.0 0.0 0.0 0.0 0.0 0.0 0.0 0.0 0.0 0.0 0.0 
PROD_CLK_ELEC 0.0 0.0 0.0 0.0 0.0 0.0 0.0 0.0 0.0 0.0 0.0 0.0 0.0 0.0 0.0 0.0 0.0 0.0 0.0 0.0 0.0 0.0 0.0 0.0 0.0 0.0 0.0 0.0 0.0 0.0 0.0 0.0 0.0 0.0 0.0 0.0 0.0 0.0 0.0 0.0 0.0 0.0 0.0 0.0 0.0 0.0 0.0 0.0 0.0 0.0 0.0 0.0 0.0 
PROD_CEM 0.0 0.0 0.0 0.0 0.0 0.0 0.0 0.0 0.0 0.0 0.0 0.0 0.0 0.0 0.0 0.0 0.0 0.0 0.0 0.0 0.0 0.0 0.0 0.0 0.0 0.0 0.0 0.0 0.0 0.0 0.0 0.0 0.0 0.0 0.0 0.0 0.0 0.0 0.0 0.0 0.0 0.0 0.0 0.0 0.0 0.0 0.0 0.0 0.0 0.0 0.0 0.0 0.0 
;

param InputActivityRatio default 0 :=
[ECU,PROD_CEM,CLK_PROD,*,*]:
2018 2019 2020 2021 2022 2023 2024 2025 2026 2027 2028 2029 2030 2031 2032 2033 2034 2035 2036 2037 2038 2039 2040 2041 2042 2043 2044 2045 2046 2047 2048 2049 2050 2051 2052 2053 2054 2055 2056 2057 2058 2059 2060 2061 2062 2063 2064 2065 2066 2067 2068 2069 2070 :=
1 0.750317465267582 0.84 0.79 0.88 0.88 0.88 0.861899255563631 0.8541688814976338 0.8464385074316366 0.8387081333656394 0.8309777592996422 0.823247385233645 0.8155170111676479 0.8077866371016507 0.8000562630356535 0.7923258889696563 0.7845955149036591 0.7768651408376619 0.7691347667716647 0.7614043927056675 0.7536740186396703 0.7459436445736731 0.7382132705076759 0.7304828964416787 0.7227525223756815 0.7150221483096844 0.7072917742436872 0.69956140017769 0.6918310261116928 0.6841006520456956 0.6763702779796984 0.6686399039137012 0.660909529847704 0.6531791557817068 0.65 0.65 0.65 0.65 0.65 0.65 0.65 0.65 0.65 0.65 0.65 0.65 0.65 0.65 0.65 0.65 0.65 0.65 0.65 
[ECU,PROD_CEM,ELEC_CEM,*,*]:
2018 2019 2020 2021 2022 2023 2024 2025 2026 2027 2028 2029 2030 2031 2032 2033 2034 2035 2036 2037 2038 2039 2040 2041 2042 2043 2044 2045 2046 2047 2048 2049 2050 2051 2052 2053 2054 2055 2056 2057 2058 2059 2060 2061 2062 2063 2064 2065 2066 2067 2068 2069 2070 :=
1 0.3636 0.3636 0.3636 0.3636 0.3636 0.3636 0.3636 0.3636 0.3636 0.3636 0.3636 0.3636 0.3636 0.3636 0.3636 0.3636 0.3636 0.3636 0.3636 0.3636 0.3636 0.3636 0.3636 0.3636 0.3636 0.3636 0.3636 0.3636 0.3636 0.3636 0.3636 0.3636 0.3636 0.3636 0.3636 0.3636 0.3636 0.3636 0.3636 0.3636 0.3636 0.3636 0.3636 0.3636 0.3636 0.3636 0.3636 0.3636 0.3636 0.3636 0.3636 0.3636 0.3636 
[ECU,PROD_CLK_ELEC,ELE_TERM,*,*]:
2018 2019 2020 2021 2022 2023 2024 2025 2026 2027 2028 2029 2030 2031 2032 2033 2034 2035 2036 2037 2038 2039 2040 2041 2042 2043 2044 2045 2046 2047 2048 2049 2050 2051 2052 2053 2054 2055 2056 2057 2058 2059 2060 2061 2062 2063 2064 2065 2066 2067 2068 2069 2070 :=
1 5.51 5.51 5.51 5.51 5.51 5.51 5.51 5.51 5.51 5.51 5.51 5.51 5.51 5.51 5.51 5.51 5.51 5.51 5.51 5.51 5.51 5.51 5.51 5.51 5.51 5.51 5.51 5.51 5.51 5.51 5.51 5.51 5.51 5.51 5.51 5.51 5.51 5.51 5.51 5.51 5.51 5.51 5.51 5.51 5.51 5.51 5.51 5.51 5.51 5.51 5.51 5.51 5.51 
[ECU,T5CEM_PRODCEM_PROD,CEM_PROD,*,*]:
2018 2019 2020 2021 2022 2023 2024 2025 2026 2027 2028 2029 2030 2031 2032 2033 2034 2035 2036 2037 2038 2039 2040 2041 2042 2043 2044 2045 2046 2047 2048 2049 2050 2051 2052 2053 2054 2055 2056 2057 2058 2059 2060 2061 2062 2063 2064 2065 2066 2067 2068 2069 2070 :=
1 1.0 1.0 1.0 1.0 1.0 1.0 1.0 1.0 1.0 1.0 1.0 1.0 1.0 1.0 1.0 1.0 1.0 1.0 1.0 1.0 1.0 1.0 1.0 1.0 1.0 1.0 1.0 1.0 1.0 1.0 1.0 1.0 1.0 1.0 1.0 1.0 1.0 1.0 1.0 1.0 1.0 1.0 1.0 1.0 1.0 1.0 1.0 1.0 1.0 1.0 1.0 1.0 1.0 
[ECU,PROD_CLK_TRAD,ENE_TERM,*,*]:
2018 2019 2020 2021 2022 2023 2024 2025 2026 2027 2028 2029 2030 2031 2032 2033 2034 2035 2036 2037 2038 2039 2040 2041 2042 2043 2044 2045 2046 2047 2048 2049 2050 2051 2052 2053 2054 2055 2056 2057 2058 2059 2060 2061 2062 2063 2064 2065 2066 2067 2068 2069 2070 :=
1 3.51 3.51 3.51 3.51 3.51 3.51 3.51 3.51 3.51 3.51 3.51 3.51 3.51 3.51 3.51 3.51 3.51 3.51 3.51 3.51 3.51 3.51 3.51 3.51 3.51 3.51 3.51 3.51 3.51 3.51 3.51 3.51 3.51 3.51 3.51 3.51 3.51 3.51 3.51 3.51 3.51 3.51 3.51 3.51 3.51 3.51 3.51 3.51 3.51 3.51 3.51 3.51 3.51 
[ECU,PROD_CEM,RAW_MAT_CEM,*,*]:
2018 2019 2020 2021 2022 2023 2024 2025 2026 2027 2028 2029 2030 2031 2032 2033 2034 2035 2036 2037 2038 2039 2040 2041 2042 2043 2044 2045 2046 2047 2048 2049 2050 2051 2052 2053 2054 2055 2056 2057 2058 2059 2060 2061 2062 2063 2064 2065 2066 2067 2068 2069 2070 :=
1 0.24968253473241797 0.16000000000000003 0.20999999999999996 0.12 0.12 0.12 0.138100744436369 0.14583111850236619 0.15356149256836338 0.16129186663436057 0.16902224070035776 0.17675261476635495 0.18448298883235215 0.19221336289834934 0.19994373696434653 0.20767411103034372 0.21540448509634091 0.2231348591623381 0.2308652332283353 0.2385956072943325 0.24632598136032968 0.2540563554263269 0.26178672949232407 0.26951710355832126 0.27724747762431845 0.28497785169031564 0.29270822575631283 0.30043859982231 0.3081689738883072 0.3158993479543044 0.3236297220203016 0.3313600960862988 0.339090470152296 0.3468208442182932 0.35 0.35 0.35 0.35 0.35 0.35 0.35 0.35 0.35 0.35 0.35 0.35 0.35 0.35 0.35 0.35 0.35 0.35 0.35 
[ECU,PROD_CLK_TRAD,RAW_MAT_CLK,*,*]:
2018 2019 2020 2021 2022 2023 2024 2025 2026 2027 2028 2029 2030 2031 2032 2033 2034 2035 2036 2037 2038 2039 2040 2041 2042 2043 2044 2045 2046 2047 2048 2049 2050 2051 2052 2053 2054 2055 2056 2057 2058 2059 2060 2061 2062 2063 2064 2065 2066 2067 2068 2069 2070 :=
1 1.0 1.0 1.0 1.0 1.0 1.0 1.0 1.0 1.0 1.0 1.0 1.0 1.0 1.0 1.0 1.0 1.0 1.0 1.0 1.0 1.0 1.0 1.0 1.0 1.0 1.0 1.0 1.0 1.0 1.0 1.0 1.0 1.0 1.0 1.0 1.0 1.0 1.0 1.0 1.0 1.0 1.0 1.0 1.0 1.0 1.0 1.0 1.0 1.0 1.0 1.0 1.0 1.0 
[ECU,PROD_CLK_ELEC,RAW_MAT_CLK,*,*]:
2018 2019 2020 2021 2022 2023 2024 2025 2026 2027 2028 2029 2030 2031 2032 2033 2034 2035 2036 2037 2038 2039 2040 2041 2042 2043 2044 2045 2046 2047 2048 2049 2050 2051 2052 2053 2054 2055 2056 2057 2058 2059 2060 2061 2062 2063 2064 2065 2066 2067 2068 2069 2070 :=
1 1.0 1.0 1.0 1.0 1.0 1.0 1.0 1.0 1.0 1.0 1.0 1.0 1.0 1.0 1.0 1.0 1.0 1.0 1.0 1.0 1.0 1.0 1.0 1.0 1.0 1.0 1.0 1.0 1.0 1.0 1.0 1.0 1.0 1.0 1.0 1.0 1.0 1.0 1.0 1.0 1.0 1.0 1.0 1.0 1.0 1.0 1.0 1.0 1.0 1.0 1.0 1.0 1.0 
;

param OperationalLife default 1 :
ENE_TERM RAW_MAT_CLK ELEC_TERM ELEC_CEM RAW_MAT_CEM PROD_CLK_TRAD PROD_CLK_ELEC PROD_CEM T5CEM_PRODCEM_PROD :=
ECU 100.0 100.0 100.0 100.0 100.0 40.0 30.0 100.0 100.0 
;

param OutputActivityRatio default 0 :=
[ECU,ELEC_CEM,ELEC_CEM,*,*]:
2018 2019 2020 2021 2022 2023 2024 2025 2026 2027 2028 2029 2030 2031 2032 2033 2034 2035 2036 2037 2038 2039 2040 2041 2042 2043 2044 2045 2046 2047 2048 2049 2050 2051 2052 2053 2054 2055 2056 2057 2058 2059 2060 2061 2062 2063 2064 2065 2066 2067 2068 2069 2070 :=
1 1.0 1.0 1.0 1.0 1.0 1.0 1.0 1.0 1.0 1.0 1.0 1.0 1.0 1.0 1.0 1.0 1.0 1.0 1.0 1.0 1.0 1.0 1.0 1.0 1.0 1.0 1.0 1.0 1.0 1.0 1.0 1.0 1.0 1.0 1.0 1.0 1.0 1.0 1.0 1.0 1.0 1.0 1.0 1.0 1.0 1.0 1.0 1.0 1.0 1.0 1.0 1.0 1.0 
[ECU,ENE_TERM,ENE_TERM,*,*]:
2018 2019 2020 2021 2022 2023 2024 2025 2026 2027 2028 2029 2030 2031 2032 2033 2034 2035 2036 2037 2038 2039 2040 2041 2042 2043 2044 2045 2046 2047 2048 2049 2050 2051 2052 2053 2054 2055 2056 2057 2058 2059 2060 2061 2062 2063 2064 2065 2066 2067 2068 2069 2070 :=
1 1.0 1.0 1.0 1.0 1.0 1.0 1.0 1.0 1.0 1.0 1.0 1.0 1.0 1.0 1.0 1.0 1.0 1.0 1.0 1.0 1.0 1.0 1.0 1.0 1.0 1.0 1.0 1.0 1.0 1.0 1.0 1.0 1.0 1.0 1.0 1.0 1.0 1.0 1.0 1.0 1.0 1.0 1.0 1.0 1.0 1.0 1.0 1.0 1.0 1.0 1.0 1.0 1.0 
[ECU,ELEC_TERM,ELEC_TERM,*,*]:
2018 2019 2020 2021 2022 2023 2024 2025 2026 2027 2028 2029 2030 2031 2032 2033 2034 2035 2036 2037 2038 2039 2040 2041 2042 2043 2044 2045 2046 2047 2048 2049 2050 2051 2052 2053 2054 2055 2056 2057 2058 2059 2060 2061 2062 2063 2064 2065 2066 2067 2068 2069 2070 :=
1 1.0 1.0 1.0 1.0 1.0 1.0 1.0 1.0 1.0 1.0 1.0 1.0 1.0 1.0 1.0 1.0 1.0 1.0 1.0 1.0 1.0 1.0 1.0 1.0 1.0 1.0 1.0 1.0 1.0 1.0 1.0 1.0 1.0 1.0 1.0 1.0 1.0 1.0 1.0 1.0 1.0 1.0 1.0 1.0 1.0 1.0 1.0 1.0 1.0 1.0 1.0 1.0 1.0 
[ECU,T5CEM_PRODCEM_PROD,E5_CEM_PRODCEM_PROD,*,*]:
2018 2019 2020 2021 2022 2023 2024 2025 2026 2027 2028 2029 2030 2031 2032 2033 2034 2035 2036 2037 2038 2039 2040 2041 2042 2043 2044 2045 2046 2047 2048 2049 2050 2051 2052 2053 2054 2055 2056 2057 2058 2059 2060 2061 2062 2063 2064 2065 2066 2067 2068 2069 2070 :=
1 1.0 1.0 1.0 1.0 1.0 1.0 1.0 1.0 1.0 1.0 1.0 1.0 1.0 1.0 1.0 1.0 1.0 1.0 1.0 1.0 1.0 1.0 1.0 1.0 1.0 1.0 1.0 1.0 1.0 1.0 1.0 1.0 1.0 1.0 1.0 1.0 1.0 1.0 1.0 1.0 1.0 1.0 1.0 1.0 1.0 1.0 1.0 1.0 1.0 1.0 1.0 1.0 1.0 
[ECU,PROD_CLK_TRAD,CLK_PROD,*,*]:
2018 2019 2020 2021 2022 2023 2024 2025 2026 2027 2028 2029 2030 2031 2032 2033 2034 2035 2036 2037 2038 2039 2040 2041 2042 2043 2044 2045 2046 2047 2048 2049 2050 2051 2052 2053 2054 2055 2056 2057 2058 2059 2060 2061 2062 2063 2064 2065 2066 2067 2068 2069 2070 :=
1 1.0 1.0 1.0 1.0 1.0 1.0 1.0 1.0 1.0 1.0 1.0 1.0 1.0 1.0 1.0 1.0 1.0 1.0 1.0 1.0 1.0 1.0 1.0 1.0 1.0 1.0 1.0 1.0 1.0 1.0 1.0 1.0 1.0 1.0 1.0 1.0 1.0 1.0 1.0 1.0 1.0 1.0 1.0 1.0 1.0 1.0 1.0 1.0 1.0 1.0 1.0 1.0 1.0 
[ECU,PROD_CEM,CEM_PROD,*,*]:
2018 2019 2020 2021 2022 2023 2024 2025 2026 2027 2028 2029 2030 2031 2032 2033 2034 2035 2036 2037 2038 2039 2040 2041 2042 2043 2044 2045 2046 2047 2048 2049 2050 2051 2052 2053 2054 2055 2056 2057 2058 2059 2060 2061 2062 2063 2064 2065 2066 2067 2068 2069 2070 :=
1 1.0 1.0 1.0 1.0 1.0 1.0 1.0 1.0 1.0 1.0 1.0 1.0 1.0 1.0 1.0 1.0 1.0 1.0 1.0 1.0 1.0 1.0 1.0 1.0 1.0 1.0 1.0 1.0 1.0 1.0 1.0 1.0 1.0 1.0 1.0 1.0 1.0 1.0 1.0 1.0 1.0 1.0 1.0 1.0 1.0 1.0 1.0 1.0 1.0 1.0 1.0 1.0 1.0 
[ECU,PROD_CLK_ELEC,CLK_PROD,*,*]:
2018 2019 2020 2021 2022 2023 2024 2025 2026 2027 2028 2029 2030 2031 2032 2033 2034 2035 2036 2037 2038 2039 2040 2041 2042 2043 2044 2045 2046 2047 2048 2049 2050 2051 2052 2053 2054 2055 2056 2057 2058 2059 2060 2061 2062 2063 2064 2065 2066 2067 2068 2069 2070 :=
1 1.0 1.0 1.0 1.0 1.0 1.0 1.0 1.0 1.0 1.0 1.0 1.0 1.0 1.0 1.0 1.0 1.0 1.0 1.0 1.0 1.0 1.0 1.0 1.0 1.0 1.0 1.0 1.0 1.0 1.0 1.0 1.0 1.0 1.0 1.0 1.0 1.0 1.0 1.0 1.0 1.0 1.0 1.0 1.0 1.0 1.0 1.0 1.0 1.0 1.0 1.0 1.0 1.0 
[ECU,RAW_MAT_CEM,RAW_MAT_CEM,*,*]:
2018 2019 2020 2021 2022 2023 2024 2025 2026 2027 2028 2029 2030 2031 2032 2033 2034 2035 2036 2037 2038 2039 2040 2041 2042 2043 2044 2045 2046 2047 2048 2049 2050 2051 2052 2053 2054 2055 2056 2057 2058 2059 2060 2061 2062 2063 2064 2065 2066 2067 2068 2069 2070 :=
1 1.0 1.0 1.0 1.0 1.0 1.0 1.0 1.0 1.0 1.0 1.0 1.0 1.0 1.0 1.0 1.0 1.0 1.0 1.0 1.0 1.0 1.0 1.0 1.0 1.0 1.0 1.0 1.0 1.0 1.0 1.0 1.0 1.0 1.0 1.0 1.0 1.0 1.0 1.0 1.0 1.0 1.0 1.0 1.0 1.0 1.0 1.0 1.0 1.0 1.0 1.0 1.0 1.0 
[ECU,RAW_MAT_CLK,RAW_MAT_CLK,*,*]:
2018 2019 2020 2021 2022 2023 2024 2025 2026 2027 2028 2029 2030 2031 2032 2033 2034 2035 2036 2037 2038 2039 2040 2041 2042 2043 2044 2045 2046 2047 2048 2049 2050 2051 2052 2053 2054 2055 2056 2057 2058 2059 2060 2061 2062 2063 2064 2065 2066 2067 2068 2069 2070 :=
1 1.0 1.0 1.0 1.0 1.0 1.0 1.0 1.0 1.0 1.0 1.0 1.0 1.0 1.0 1.0 1.0 1.0 1.0 1.0 1.0 1.0 1.0 1.0 1.0 1.0 1.0 1.0 1.0 1.0 1.0 1.0 1.0 1.0 1.0 1.0 1.0 1.0 1.0 1.0 1.0 1.0 1.0 1.0 1.0 1.0 1.0 1.0 1.0 1.0 1.0 1.0 1.0 1.0 
;

param ResidualCapacity default 0 :=
[ECU,*,*]:
2018 2019 2020 2021 2022 2023 2024 2025 2026 2027 2028 2029 2030 2031 2032 2033 2034 2035 2036 2037 2038 2039 2040 2041 2042 2043 2044 2045 2046 2047 2048 2049 2050 2051 2052 2053 2054 2055 2056 2057 2058 2059 2060 2061 2062 2063 2064 2065 2066 2067 2068 2069 2070 :=
PROD_CLK_TRAD 4.802 4.61 4.4179 4.2258 4.0337 3.8416 3.6495 3.4575 3.2654 3.0733 2.8812 2.6891 2.4971 2.305 2.1129 1.9208 1.7287 1.5367 1.3446 1.1525 0.9604 0.7683 0.5762 0.3842 0.1921 0.0 0.0 0.0 0.0 0.0 0.0 0.0 0.0 0.0 0.0 0.0 0.0 0.0 0.0 0.0 0.0 0.0 0.0 0.0 0.0 0.0 0.0 0.0 0.0 0.0 0.0 0.0 0.0 
PROD_CLK_ELEC 0.0 0.0 0.0 0.0 0.0 0.0 0.0 0.0 0.0 0.0 0.0 0.0 0.0 0.0 0.0 0.0 0.0 0.0 0.0 0.0 0.0 0.0 0.0 0.0 0.0 0.0 0.0 0.0 0.0 0.0 0.0 0.0 0.0 0.0 0.0 0.0 0.0 0.0 0.0 0.0 0.0 0.0 0.0 0.0 0.0 0.0 0.0 0.0 0.0 0.0 0.0 0.0 0.0 
PROD_CEM 6.4 6.144 5.888 5.632 5.376 5.12 4.864 4.608 4.352 4.096 3.84 3.584 3.328 3.072 2.816 2.56 2.304 2.048 1.792 1.536 1.28 1.024 0.768 0.512 0.256 0.0 0.0 0.0 0.0 0.0 0.0 0.0 0.0 0.0 0.0 0.0 0.0 0.0 0.0 0.0 0.0 0.0 0.0 0.0 0.0 0.0 0.0 0.0 0.0 0.0 0.0 0.0 0.0 
;

param SpecifiedAnnualDemand default 0 :=
[ECU,*,*]:
2018 2019 2020 2021 2022 2023 2024 2025 2026 2027 2028 2029 2030 2031 2032 2033 2034 2035 2036 2037 2038 2039 2040 2041 2042 2043 2044 2045 2046 2047 2048 2049 2050 2051 2052 2053 2054 2055 2056 2057 2058 2059 2060 2061 2062 2063 2064 2065 2066 2067 2068 2069 2070 :=
E5_CEM_PRODCEM_PROD 5.056 4.8176 3.852 3.5964 4.2396 4.4563 4.9804 5.2877 5.595 5.9024 6.2097 6.517 6.8243 7.1316 7.4389 7.7462 8.0535 8.3609 8.6682 8.9755 9.2828 9.5901 9.8974 10.2047 10.5121 10.8194 11.1267 11.434 11.7413 12.0486 12.3559 12.6632 12.9706 13.2779 13.5852 13.8925 14.1998 14.5071 14.8144 15.1218 15.4291 15.7364 16.0437 16.351 16.6583 16.9656 17.273 17.5803 17.8876 18.1949 18.5022 18.8095 19.1168 
;

param SpecifiedDemandProfile default 0 :=
[ECU,E5_CEM_PRODCEM_PROD,*,*]:
2018 2019 2020 2021 2022 2023 2024 2025 2026 2027 2028 2029 2030 2031 2032 2033 2034 2035 2036 2037 2038 2039 2040 2041 2042 2043 2044 2045 2046 2047 2048 2049 2050 2051 2052 2053 2054 2055 2056 2057 2058 2059 2060 2061 2062 2063 2064 2065 2066 2067 2068 2069 2070 :=
All 1.0 1.0 1.0 1.0 1.0 1.0 1.0 1.0 1.0 1.0 1.0 1.0 1.0 1.0 1.0 1.0 1.0 1.0 1.0 1.0 1.0 1.0 1.0 1.0 1.0 1.0 1.0 1.0 1.0 1.0 1.0 1.0 1.0 1.0 1.0 1.0 1.0 1.0 1.0 1.0 1.0 1.0 1.0 1.0 1.0 1.0 1.0 1.0 1.0 1.0 1.0 1.0 1.0 
;

param TotalAnnualMaxCapacity default 99999 :=
[ECU,*,*]:
2018 2019 2020 2021 2022 2023 2024 2025 2026 2027 2028 2029 2030 2031 2032 2033 2034 2035 2036 2037 2038 2039 2040 2041 2042 2043 2044 2045 2046 2047 2048 2049 2050 2051 2052 2053 2054 2055 2056 2057 2058 2059 2060 2061 2062 2063 2064 2065 2066 2067 2068 2069 2070 :=
PROD_CLK_ELEC 0.0 0.0 0.0 0.0 0.0 0.0 0.0 0.0 0.0 0.0 0.0 0.0 0.0 0.0 0.0 0.0 0.0 0.0 0.0 0.0 0.0 0.0 0.0 0.0 0.0 0.0 0.0 0.0 0.0 0.0 0.0 0.0 0.0 0.0 0.0 0.0 0.0 0.0 0.0 0.0 0.0 0.0 0.0 0.0 0.0 0.0 0.0 0.0 0.0 0.0 0.0 0.0 0.0 
;

param TotalTechnologyAnnualActivityLowerLimit default 0 :=
[ECU,*,*]:
2018 2019 2020 2021 2022 2023 2024 2025 2026 2027 2028 2029 2030 2031 2032 2033 2034 2035 2036 2037 2038 2039 2040 2041 2042 2043 2044 2045 2046 2047 2048 2049 2050 2051 2052 2053 2054 2055 2056 2057 2058 2059 2060 2061 2062 2063 2064 2065 2066 2067 2068 2069 2070 :=
REST_PI 0.3951 0.3974 0.3747 0.3863 0.3946 0.403 0.4116 0.4204 0.4294 0.4386 0.448 0.4576 0.4674 0.4774 0.4876 0.498 0.5087 0.5195 0.5307 0.542 0.5536 0.5654 0.5775 0.5899 0.6025 0.6154 0.6286 0.642 0.6557 0.6698 0.6841 0.6987 0.7137 0.7289 0.7445 0.7605 0.7767 0.7933 0.8103 0.8276 0.8453 0.8634 0.8819 0.9007 0.92 0.9397 0.9598 0.9803 1.0013 1.0227 1.0446 1.0669 1.0898 
PROD_CLK_TRAD 0.0 0.0 0.0 0.0 0.0 0.0 0.0 0.0 0.0 0.0 0.0 0.0 0.0 0.0 0.0 0.0 0.0 0.0 0.0 0.0 0.0 0.0 0.0 0.0 0.0 0.0 0.0 0.0 0.0 0.0 0.0 0.0 0.0 0.0 0.0 0.0 0.0 0.0 0.0 0.0 0.0 0.0 0.0 0.0 0.0 0.0 0.0 0.0 0.0 0.0 0.0 0.0 0.0 
PROD_CLK_ELEC 0.0 0.0 0.0 0.0 0.0 0.0 0.0 0.0 0.0 0.0 0.0 0.0 0.0 0.0 0.0 0.0 0.0 0.0 0.0 0.0 0.0 0.0 0.0 0.0 0.0 0.0 0.0 0.0 0.0 0.0 0.0 0.0 0.0 0.0 0.0 0.0 0.0 0.0 0.0 0.0 0.0 0.0 0.0 0.0 0.0 0.0 0.0 0.0 0.0 0.0 0.0 0.0 0.0 
PROD_CEM 0.0 0.0 0.0 0.0 0.0 0.0 0.0 0.0 0.0 0.0 0.0 0.0 0.0 0.0 0.0 0.0 0.0 0.0 0.0 0.0 0.0 0.0 0.0 0.0 0.0 0.0 0.0 0.0 0.0 0.0 0.0 0.0 0.0 0.0 0.0 0.0 0.0 0.0 0.0 0.0 0.0 0.0 0.0 0.0 0.0 0.0 0.0 0.0 0.0 0.0 0.0 0.0 0.0 
;

param TotalTechnologyAnnualActivityUpperLimit default 99999 :=
[ECU,*,*]:
2018 2019 2020 2021 2022 2023 2024 2025 2026 2027 2028 2029 2030 2031 2032 2033 2034 2035 2036 2037 2038 2039 2040 2041 2042 2043 2044 2045 2046 2047 2048 2049 2050 2051 2052 2053 2054 2055 2056 2057 2058 2059 2060 2061 2062 2063 2064 2065 2066 2067 2068 2069 2070 :=
REST_PI 0.3951 0.3974 0.3747 0.3863 0.3946 0.403 0.4116 0.4204 0.4294 0.4386 0.448 0.4576 0.4674 0.4774 0.4876 0.498 0.5087 0.5195 0.5307 0.542 0.5536 0.5654 0.5775 0.5899 0.6025 0.6154 0.6286 0.642 0.6557 0.6698 0.6841 0.6987 0.7137 0.7289 0.7445 0.7605 0.7767 0.7933 0.8103 0.8276 0.8453 0.8634 0.8819 0.9007 0.92 0.9397 0.9598 0.9803 1.0013 1.0227 1.0446 1.0669 1.0898 
PROD_CLK_ELEC 0.0 0.0 0.0 0.0 0.0 0.0 0.0 0.0 0.0 0.0 0.0 0.0 0.0 0.0 0.0 0.0 0.0 0.0 0.0 0.0 0.0 0.0 0.0 0.0 0.0 0.0 0.0 0.0 0.0 0.0 0.0 0.0 0.0 0.0 0.0 0.0 0.0 0.0 0.0 0.0 0.0 0.0 0.0 0.0 0.0 0.0 0.0 0.0 0.0 0.0 0.0 0.0 0.0 
;

param VariableCost default 0 :=
[ECU,RAW_MAT_CEM,*,*]:
2018 2019 2020 2021 2022 2023 2024 2025 2026 2027 2028 2029 2030 2031 2032 2033 2034 2035 2036 2037 2038 2039 2040 2041 2042 2043 2044 2045 2046 2047 2048 2049 2050 2051 2052 2053 2054 2055 2056 2057 2058 2059 2060 2061 2062 2063 2064 2065 2066 2067 2068 2069 2070 :=
1 0.0 0.0 0.0 0.0 0.0 0.0 0.0 0.0 0.0 0.0 0.0 0.0 0.0 0.0 0.0 0.0 0.0 0.0 0.0 0.0 0.0 0.0 0.0 0.0 0.0 0.0 0.0 0.0 0.0 0.0 0.0 0.0 0.0 0.0 0.0 0.0 0.0 0.0 0.0 0.0 0.0 0.0 0.0 0.0 0.0 0.0 0.0 0.0 0.0 0.0 0.0 0.0 0.0 
[ECU,ELEC_TERM,*,*]:
2018 2019 2020 2021 2022 2023 2024 2025 2026 2027 2028 2029 2030 2031 2032 2033 2034 2035 2036 2037 2038 2039 2040 2041 2042 2043 2044 2045 2046 2047 2048 2049 2050 2051 2052 2053 2054 2055 2056 2057 2058 2059 2060 2061 2062 2063 2064 2065 2066 2067 2068 2069 2070 :=
1 0.0 0.0 0.0 0.0 0.0 0.0 0.0 0.0 0.0 0.0 0.0 0.0 0.0 0.0 0.0 0.0 0.0 0.0 0.0 0.0 0.0 0.0 0.0 0.0 0.0 0.0 0.0 0.0 0.0 0.0 0.0 0.0 0.0 0.0 0.0 0.0 0.0 0.0 0.0 0.0 0.0 0.0 0.0 0.0 0.0 0.0 0.0 0.0 0.0 0.0 0.0 0.0 0.0 
[ECU,RAW_MAT_CLK,*,*]:
2018 2019 2020 2021 2022 2023 2024 2025 2026 2027 2028 2029 2030 2031 2032 2033 2034 2035 2036 2037 2038 2039 2040 2041 2042 2043 2044 2045 2046 2047 2048 2049 2050 2051 2052 2053 2054 2055 2056 2057 2058 2059 2060 2061 2062 2063 2064 2065 2066 2067 2068 2069 2070 :=
1 0.0 0.0 0.0 0.0 0.0 0.0 0.0 0.0 0.0 0.0 0.0 0.0 0.0 0.0 0.0 0.0 0.0 0.0 0.0 0.0 0.0 0.0 0.0 0.0 0.0 0.0 0.0 0.0 0.0 0.0 0.0 0.0 0.0 0.0 0.0 0.0 0.0 0.0 0.0 0.0 0.0 0.0 0.0 0.0 0.0 0.0 0.0 0.0 0.0 0.0 0.0 0.0 0.0 
[ECU,ELEC_CEM,*,*]:
2018 2019 2020 2021 2022 2023 2024 2025 2026 2027 2028 2029 2030 2031 2032 2033 2034 2035 2036 2037 2038 2039 2040 2041 2042 2043 2044 2045 2046 2047 2048 2049 2050 2051 2052 2053 2054 2055 2056 2057 2058 2059 2060 2061 2062 2063 2064 2065 2066 2067 2068 2069 2070 :=
1 0.0 0.0 0.0 0.0 0.0 0.0 0.0 0.0 0.0 0.0 0.0 0.0 0.0 0.0 0.0 0.0 0.0 0.0 0.0 0.0 0.0 0.0 0.0 0.0 0.0 0.0 0.0 0.0 0.0 0.0 0.0 0.0 0.0 0.0 0.0 0.0 0.0 0.0 0.0 0.0 0.0 0.0 0.0 0.0 0.0 0.0 0.0 0.0 0.0 0.0 0.0 0.0 0.0 
[ECU,PROD_CLK_ELEC,*,*]:
2018 2019 2020 2021 2022 2023 2024 2025 2026 2027 2028 2029 2030 2031 2032 2033 2034 2035 2036 2037 2038 2039 2040 2041 2042 2043 2044 2045 2046 2047 2048 2049 2050 2051 2052 2053 2054 2055 2056 2057 2058 2059 2060 2061 2062 2063 2064 2065 2066 2067 2068 2069 2070 :=
1 0.0 0.0 0.0 0.0 0.0 0.0 0.0 0.0 0.0 0.0 0.0 0.0 0.0 0.0 0.0 0.0 0.0 0.0 0.0 0.0 0.0 0.0 0.0 0.0 0.0 0.0 0.0 0.0 0.0 0.0 0.0 0.0 0.0 0.0 0.0 0.0 0.0 0.0 0.0 0.0 0.0 0.0 0.0 0.0 0.0 0.0 0.0 0.0 0.0 0.0 0.0 0.0 0.0 
[ECU,ENE_TERM,*,*]:
2018 2019 2020 2021 2022 2023 2024 2025 2026 2027 2028 2029 2030 2031 2032 2033 2034 2035 2036 2037 2038 2039 2040 2041 2042 2043 2044 2045 2046 2047 2048 2049 2050 2051 2052 2053 2054 2055 2056 2057 2058 2059 2060 2061 2062 2063 2064 2065 2066 2067 2068 2069 2070 :=
1 0.0 0.0 0.0 0.0 0.0 0.0 0.0 0.0 0.0 0.0 0.0 0.0 0.0 0.0 0.0 0.0 0.0 0.0 0.0 0.0 0.0 0.0 0.0 0.0 0.0 0.0 0.0 0.0 0.0 0.0 0.0 0.0 0.0 0.0 0.0 0.0 0.0 0.0 0.0 0.0 0.0 0.0 0.0 0.0 0.0 0.0 0.0 0.0 0.0 0.0 0.0 0.0 0.0 
[ECU,PROD_CLK_TRAD,*,*]:
2018 2019 2020 2021 2022 2023 2024 2025 2026 2027 2028 2029 2030 2031 2032 2033 2034 2035 2036 2037 2038 2039 2040 2041 2042 2043 2044 2045 2046 2047 2048 2049 2050 2051 2052 2053 2054 2055 2056 2057 2058 2059 2060 2061 2062 2063 2064 2065 2066 2067 2068 2069 2070 :=
1 0.0 0.0 0.0 0.0 0.0 0.0 0.0 0.0 0.0 0.0 0.0 0.0 0.0 0.0 0.0 0.0 0.0 0.0 0.0 0.0 0.0 0.0 0.0 0.0 0.0 0.0 0.0 0.0 0.0 0.0 0.0 0.0 0.0 0.0 0.0 0.0 0.0 0.0 0.0 0.0 0.0 0.0 0.0 0.0 0.0 0.0 0.0 0.0 0.0 0.0 0.0 0.0 0.0 
[ECU,PROD_CEM,*,*]:
2018 2019 2020 2021 2022 2023 2024 2025 2026 2027 2028 2029 2030 2031 2032 2033 2034 2035 2036 2037 2038 2039 2040 2041 2042 2043 2044 2045 2046 2047 2048 2049 2050 2051 2052 2053 2054 2055 2056 2057 2058 2059 2060 2061 2062 2063 2064 2065 2066 2067 2068 2069 2070 :=
1 0.0 0.0 0.0 0.0 0.0 0.0 0.0543172914411774 0.1059991469579373 0.1790553286308012 0.2351260985120828 0.3317034453477214 0.3885892620394853 0.5037423780611819 0.5691674928396498 0.702829724047969 0.7754240468012645 1.0521250473835373 1.1319320926360523 1.3080536950688602 1.3993729707111624 1.5856332276610516 1.6951021965136683 1.8929325519482507 2.0142579963565135 2.2230578004537542 2.3484103447148215 2.5678745795984415 2.7109930051822144 2.9446988597973207 3.1036006182154536 3.3344318227345116 3.508805319377938 3.750636889502917 3.8981660882870277 4.095504439031599 4.294570658846672 4.495264209205471 4.697492203145549 4.901168690949447 5.106214024381468 5.312554289583708 5.520120800132936 5.728849642942593 5.938681270692075 6.149560135315697 6.361434357804361 6.574255430191567 6.787977946121608 7.002559356852907 7.2179597499379025 7.434141648158464 7.651069826586834 7.868711145893337 
;

param YearSplit default 0 :
2018 2019 2020 2021 2022 2023 2024 2025 2026 2027 2028 2029 2030 2031 2032 2033 2034 2035 2036 2037 2038 2039 2040 2041 2042 2043 2044 2045 2046 2047 2048 2049 2050 2051 2052 2053 2054 2055 2056 2057 2058 2059 2060 2061 2062 2063 2064 2065 2066 2067 2068 2069 2070 :=
All 1.0 1.0 1.0 1.0 1.0 1.0 1.0 1.0 1.0 1.0 1.0 1.0 1.0 1.0 1.0 1.0 1.0 1.0 1.0 1.0 1.0 1.0 1.0 1.0 1.0 1.0 1.0 1.0 1.0 1.0 1.0 1.0 1.0 1.0 1.0 1.0 1.0 1.0 1.0 1.0 1.0 1.0 1.0 1.0 1.0 1.0 1.0 1.0 1.0 1.0 1.0 1.0 1.0 
;

param AccumulatedAnnualDemand default 0 :=
;
param AnnualEmissionLimit default 99999 :=
;
param AnnualExogenousEmission default 0 :=
;
param TotalAnnualMinCapacity default 0 :=
;
param CapacityOfOneTechnologyUnit default 0 :=
;
param CapitalCostStorage default 0 :=
;
param Conversionld default 0 :=
;
param Conversionlh default 0 :=
;
param Conversionls default 0 :=
;
param DaySplit default 0.00137 :=
;
param DaysInDayType default 7 :=
;
param DepreciationMethod default 1 :=
;
param DiscountRate default 0.0277 :=
;
param MinStorageCharge default 0 :=
;
param ModelPeriodEmissionLimit default 99999 :=
;
param ModelPeriodExogenousEmission default 0 :=
;
param OperationalLifeStorage default 1 :=
;
param REMinProductionTarget default 0 :=
;
param RETagFuel default 0 :=
;
param RETagTechnology default 0 :=
;
param ReserveMargin default 0 :=
;
param ReserveMarginTagFuel default 0 :=
;
param ReserveMarginTagTechnology default 0 :=
;
param ResidualStorageCapacity default 0 :=
;
param StorageLevelStart default 0 :=
;
param StorageMaxChargeRate default 0 :=
;
param StorageMaxDischargeRate default 0 :=
;
param TechnologyFromStorage default 0 :=
;
param TechnologyToStorage default 0 :=
;
param TotalAnnualMaxCapacityInvestment default 99999 :=
;
param TotalAnnualMinCapacityInvestment default 0 :=
;
param TotalTechnologyModelPeriodActivityLowerLimit default 0 :=
;
param TotalTechnologyModelPeriodActivityUpperLimit default 99999 :=
;
param TradeRoute default 0 :=
;
#
end;
